
# 2 200
48

# 2 400
107

# 2 600
176

# 2 800
251

# 2 1000
347

# 2 1200
457

# 2 1400
493

# 2 1600
612

# 2 1800
700

# 2 2000
876

# 2 2200
1075

# 2 2400
1262

# 2 2600
1464

# 2 2800
1576

# 2 3000
1668

# 2 3200
1875

# 2 3400
1994

# 2 3600
2314

# 2 3800
2443

# 2 4000
2714

# 50 200
49

# 50 400
103

# 50 600
170

# 50 800
251

# 50 1000
341

# 50 1200
441

# 50 1400
536

# 50 1600
652

# 50 1800
811

# 50 2000
934

# 50 2200
1005

# 50 2400
1124

# 50 2600
1128

# 50 2800
1299

# 50 3000
1435

# 50 3200
1618

# 50 3400
1812

# 50 3600
2129

# 50 3800
2166

# 50 4000
2293

# 100 200
49

# 100 400
109

# 100 600
180

# 100 800
232

# 100 1000
347

# 100 1200
426

# 100 1400
458

# 100 1600
648

# 100 1800
712

# 100 2000
880

# 100 2200
1066

# 100 2400
1134

# 100 2600
1205

# 100 2800
1518

# 100 3000
1621

# 100 3200
2002

# 100 3400
2179

# 100 3600
2467

# 100 3800
2590

# 100 4000
2889

# 200 200
48

# 200 400
100

# 200 600
167

# 200 800
259

# 200 1000
336

# 200 1200
444

# 200 1400
516

# 200 1600
602

# 200 1800
708

# 200 2000
720

# 200 2200
1037

# 200 2400
1098

# 200 2600
1177

# 200 2800
1400

# 200 3000
1651

# 200 3200
1789

# 200 3400
2012


# 200 3600
2182

# 200 3800
2332

# 200 4000
2344

# 400 400
107

# 400 800
256

# 400 1200
401

# 400 1600
638

# 400 2000
901

# 400 2400
1140

# 400 2800
1559

# 400 3200
1956

# 400 3600
2361

# 400 4000
2799

# 600 600
182

# 600 1200
443

# 600 1800
818

# 600 2400
1158

# 600 3000
1666

# 600 3600
2131

# 800 800
246

# 800 1600
808

# 800 2400
1093

# 800 3200
1841

# 800 4000
2372

# 1000 1000
347

# 1000 2000
867

# 1000 3000
1724

# 1000 4000
2634

# 1200 1200
429

# 1200 2400
1322

# 1200 3600
1790

# 1400 1400
543

# 1400 2800
1536

# 1600 1600
668

# 1600 3200
1637

# 1800 1800
720

# 1800 3600
2109

# 2000 2000
779

# 2000 4000
2832

# 2200 2200
1111

# 2400 2400
1098

# 2600 2600
1313

# 2800 2800
1378

# 3000 3000
1745

# 3200 3200
1879

# 3400 3400
1977

# 3600 3600
2327

# 3800 3800
2437

# 4000 4000
2520
