
# 2 200
49

# 2 400
103

# 2 600
160

# 2 800
247

# 2 1000
335

# 2 1200
426

# 2 1400
545

# 2 1600
655

# 2 1800
760

# 2 2000
880

# 2 2200
1156

# 2 2400
942

# 2 2600
808

# 2 2800
1471

# 2 3000
1852

# 2 3200
1361

# 2 3400
2241

# 2 3600
2282

# 2 3800
2216

# 2 4000
2883

# 50 200
47

# 50 400
105

# 50 600
171

# 50 800
248

# 50 1000
331

# 50 1200
402

# 50 1400
533

# 50 1600
656

# 50 1800
700

# 50 2000
809

# 50 2200
1025

# 50 2400
1026

# 50 2600
1212

# 50 2800
1113

# 50 3000
1878

# 50 3200
2052

# 50 3400
2185

# 50 3600
2400

# 50 3800
1783

# 50 4000
2447

# 100 200
49

# 100 400
102

# 100 600
170

# 100 800
233

# 100 1000
341

# 100 1200
427

# 100 1400
496

# 100 1600
568

# 100 1800
767

# 100 2000
791

# 100 2200
990

# 100 2400
1195

# 100 2600
1230

# 100 2800
1378

# 100 3000
1475

# 100 3200
1655

# 100 3400
1742

# 100 3600
1749

# 100 3800
1840

# 100 4000
2122

# 200 200
46

# 200 400
101

# 200 600
173

# 200 800
237

# 200 1000
326

# 200 1200
405

# 200 1400
531

# 200 1600
630

# 200 1800
779

# 200 2000
895

# 200 2200
954

# 200 2400
1086

# 200 2600
1181

# 200 2800
1373

# 200 3000
1669

# 200 3200
1812

# 200 3400
1954

# 200 3600
2130

# 200 3800
2188

# 200 4000
2247

# 400 400
101

# 400 800
226

# 400 1200
387

# 400 1600
648

# 400 2000
885

# 400 2400
1201

# 400 2800
1568

# 400 3200
1923

# 400 3600
2407

# 400 4000
2837

# 600 600
180

# 600 1200
419

# 600 1800
723

# 600 2400
1357

# 600 3000
1561

# 600 3600
2205

# 800 800
243

# 800 1600
602

# 800 2400
1044

# 800 3200
1901

# 800 4000
2648

# 1000 1000
296

# 1000 2000
844

# 1000 3000
1561

# 1000 4000
2381

# 1200 1200
400

# 1200 2400
1112

# 1200 3600
2236

# 1400 1400
543

# 1400 2800
1321

# 1600 1600
654

# 1600 3200
1811

# 1800 1800
766

# 1800 3600
2119

# 2000 2000
899

# 2000 4000
2585

# 2200 2200
899

# 2400 2400
1220

# 2600 2600
1295

# 2800 2800
1328

# 3000 3000
1649

# 3200 3200
1755

# 3400 3400
1800

# 3600 3600
2323

# 3800 3800
2406

# 4000 4000
2841
