
# 2 200
69

# 2 400
144

# 2 600
238

# 2 800
333

# 2 1000
443

# 2 1200
561

# 2 1400
702

# 2 1600
713

# 2 1800
812

# 2 2000
945

# 2 2200
991

# 2 2400
1226

# 2 2600
1443

# 2 2800
1594


# 2 3000
2089

# 2 3200
2377

# 2 3400
2402

# 2 3600
2441

# 2 3800
2538

# 2 4000
2668

# 50 200
68

# 50 400
143

# 50 600
225

# 50 800
308

# 50 1000
451

# 50 1200
556

# 50 1400
637

# 50 1600
820

# 50 1800
955

# 50 2000
1152

# 50 2200
1274

# 50 2400
1469

# 50 2600
1739

# 50 2800
1805

# 50 3000
2103

# 50 3200
2128

# 50 3400
2172

# 50 3600
2268

# 50 3800
2313

# 50 4000
2342

# 100 200
67

# 100 400
140

# 100 600
219

# 100 800
314

# 100 1000
438

# 100 1200
557

# 100 1400
682

# 100 1600
893

# 100 1800
788

# 100 2000
1104

# 100 2200
1268

# 100 2400
1426

# 100 2600
1637

# 100 2800
1837

# 100 3000
2076

# 100 3200
2186

# 100 3400
2396

# 100 3600
2416

# 100 3800
2433

# 100 4000
2457

# 200 200
70

# 200 400
150

# 200 600
223

# 200 800
313

# 200 1000
439

# 200 1200
565

# 200 1400
738

# 200 1600
871

# 200 1800
991

# 200 2000
1216

# 200 2200
1322

# 200 2400
1421

# 200 2600
1628

# 200 2800
1438

# 200 3000
2212

# 200 3200
2315

# 200 3400
2347

# 200 3600
2470

# 200 3800
2531

# 200 4000
2607

# 400 400
142

# 400 800
332

# 400 1200
535

# 400 1600
773

# 400 2000
922

# 400 2400
1253

# 400 2800
1553

# 400 3200
2437

# 400 3600
2677

# 400 4000
3226

# 600 600
259

# 600 1200
663

# 600 1800
1085

# 600 2400
1572

# 600 3000
2503

# 600 3600
3268

# 800 800
397

# 800 1600
950

# 800 2400
1330

# 800 3200
2425

# 800 4000
3439

# 1000 1000
505

# 1000 2000
1266

# 1000 3000
2102

# 1000 4000
3576

# 1200 1200
705

# 1200 2400
1744

# 1200 3600
2558

# 1400 1400
788

# 1400 2800
2063

# 1600 1600
976

# 1600 3200
2541

# 1800 1800
1184

# 1800 3600
2526

# 2000 2000
1260

# 2000 4000
3558

# 2200 2200
1523

# 2400 2400
1591

# 2600 2600
1906

# 2800 2800
2042

# 3000 3000
2120

# 3200 3200
2377

# 3400 3400
2431

# 3600 3600
2482

# 3800 3800
3106

# 4000 4000
3372
